31825.014405
22807.037305
27691.705591
29735.958842
22909.074809
28598.831300
32035.113828
28150.733653
22369.549262
32281.331745
22728.381198
25030.716830
20924.809569
21040.148782
22873.688844
33893.162715
26484.128650
24062.976439
34133.204370
34271.530010
22711.651974
20321.037753
25803.064204
32456.555242
20691.527624
20315.585996
34618.259016
22545.372903
21791.276970
26892.558298
31144.766720
20016.729224
33936.841594
28044.954321
34169.400069
22883.681680
31734.359344
32079.692156
33683.013880
23288.096724
27721.319777
34767.441533
24601.390566
29511.427220
28208.901791
28548.722774
20137.768292
30358.831044
27033.169257
21148.415891
21523.315984
22823.766529
20441.928364
20771.985297
27029.792153
29519.458187
23473.065560
30428.864437
33235.901742
25004.205422
24605.977814
31443.273414
30277.701318
25755.478163
29618.525787
33465.286073
33533.542817
24552.145628
28204.996361
32799.523944
31663.024159
31567.434965
24469.817101
27291.326740
29778.865252
26811.732863
20826.823493
30481.088332
29499.950229
26816.968548
28915.776351
25755.638159
27561.820765
31658.250735
21059.668265
22391.266752
29139.838167
23155.930456
29102.487540
23140.165123
28018.464901
32660.032486
30965.344517
25552.147727
23003.359918
23991.539895
24934.711517
29602.040944
25664.548979
31670.828660
34343.526514
29576.469392
23690.901403
23681.639945
30405.058931
28983.550220
34164.304284
25794.803740
28964.719248
24892.948538
28283.030518
32118.050692
23284.404447
25881.925745
22499.421571
21445.711882
25234.446307
25051.208166
27130.400968
23676.803419
26611.815992
23928.169487
24011.787234
24774.659830
33117.742975
20766.274098
34485.342044
27354.207017
34587.116006
24594.638070
33841.841691
27896.308456
29760.789573
31768.126659
32003.559001
26212.853019
32927.025286
24678.139086
29751.503221
30870.985808
31443.904418
28737.942883
25248.527932
23051.563608
24323.937955
31824.477942
34714.636863
25891.377465
30326.773722
31960.659435
34824.543674
27238.360747
24476.905293
32928.608222
26625.737020
33878.124491
34623.136914
32011.562349
34931.705203
34470.958907
34797.303013
24788.956647
31382.607001
24298.323439
32060.229649
32350.777412
28077.225256
20395.768469
24408.610488
33457.274231
30072.509828
28604.670259
20389.897470
33874.093403
32083.712661
29829.084377
26495.148917
26370.403448
26069.536242
28579.461064
21905.274967
22921.114896
31916.436912
20061.297417
31194.385337
20423.131429
33201.098139
24744.798357
33961.785524
29440.939550
24834.961735
30337.067133
26839.549053
24977.356824
25627.607878
30204.777755
26865.228746
25639.586693
30899.919111
26580.028386